100 250
1 5
58 30
65 24
95 31
0 63
30 40
22 75
26 23
76 53
69 47
28 71
78 93
42 16
69 23
1 31
12 55
83 73
95 85
85 26
75 20
85 64
79 43
52 71
9 43
63 27
11 29
33 73
6 9
83 67
96 82
62 80
47 13
3 40
16 20
4 53
46 78
2 19
7 66
35 19
68 93
63 6
89 43
70 72
21 75
58 84
70 42
67 53
47 34
61 64
48 29
21 16
82 50
83 20
75 17
12 34
40 22
45 2
58 68
61 59
10 82
63 23
83 22
13 1
19 9
98 26
50 96
81 19
25 87
6 45
14 24
62 44
70 20
62 56
87 84
49 63
82 65
19 91
18 85
20 50
24 91
94 19
51 40
49 61
19 0
79 19
21 9
91 21
75 13
32 4
51 36
0 33
11 58
0 82
23 32
51 70
98 89
22 13
31 82
10 47
1 19
5 44
74 59
14 11
62 52
6 79
96 9
38 46
99 65
15 53
15 6
13 34
94 9
11 6
61 84
78 73
92 10
35 78
45 79
51 79
30 77
93 96
57 97
24 1
74 79
33 27
2 35
95 79
98 77
48 5
60 34
21 19
57 74
92 68
56 8
17 9
31 43
87 24
92 2
22 80
50 5
35 36
90 3
62 92
95 0
90 49
70 30
12 63
67 23
5 69
62 6
66 50
82 24
19 94
50 43
55 12
45 97
99 55
27 38
59 76
71 14
55 15
36 69
33 81
77 11
1 63
43 38
78 3
25 4
7 92
5 79
6 34
76 47
68 19
9 27
27 46
4 81
45 88
91 28
12 10
9 31
68 21
46 25
49 61
62 31
11 38
6 28
54 33
8 40
87 71
41 5
96 67
99 3
31 1
42 58
75 48
82 81
60 96
10 87
30 63
4 38
5 22
75 94
18 86
3 76
66 20
72 95
19 16
79 68
96 56
96 29
90 12
91 80
1 96
29 30
19 6
88 91
20 93
1 89
2 6
44 97
1 45
76 83
79 62
52 0
87 69
59 82
96 97
3 68
82 91
84 99
43 97
29 90
51 82
48 28
19 21
5 9
73 6
19 69
53 32
75 66
20 52
65 18
30 49
19 79
92 83
9 47
5 1
97 69
75 69
87 5
